# Created by Octave 7.2.0, Tue Aug 02 16:48:34 2022 GMT <unknown@MSI>
# name: q
# type: scalar
1


