# Created by Octave 7.2.0, Tue Aug 02 17:05:27 2022 GMT <unknown@MSI>
# name: deg
# type: scalar
56


