# Created by Octave 7.2.0, Wed Aug 03 10:18:20 2022 GMT <unknown@MSI>
# name: f
# type: scalar
3


