# Created by Octave 7.2.0, Wed Aug 03 09:09:47 2022 GMT <unknown@MSI>
# name: v
# type: matrix
# rows: 5
# columns: 1
 0.77436773424806493
 0.092947817165668245
 0.96043446709853086
 0.92787425629766018
 0.38734322435566049


